

 NAS Parallel Benchmarks (NPB3.3-SER) - CG Benchmark

 Size:      150000
 Iterations:    75
 
 Initialization time =          20.039 seconds

   iteration           ||r||                 zeta
        1       0.19741282665951E-12   109.9994423237398
        2       0.56815040832152E-15    27.3920437146526
        3       0.56600591394836E-15    28.0339761840269
        4       0.56518201995765E-15    28.4191507551290
        5       0.56634751062894E-15    28.6471670038895
        6       0.56655221831361E-15    28.7812969418417
        7       0.56745020493189E-15    28.8600458537345
        8       0.56792171365165E-15    28.9063145572687
        9       0.57269485630023E-15    28.9335649214622
       10       0.57049123515330E-15    28.9496695449002
       11       0.57056716191798E-15    28.9592263353755
       12       0.57132416430928E-15    28.9649233484893
       13       0.56893180808255E-15    28.9683359248930
       14       0.56963105180857E-15    28.9703903960008
       15       0.57177266405495E-15    28.9716336228373
       16       0.56860448726957E-15    28.9723898600854
       17       0.56892835373960E-15    28.9728522692224
       18       0.56841311572003E-15    28.9731364797772
       19       0.56871819790430E-15    28.9733120569287
       20       0.57007844528380E-15    28.9734210663742
       21       0.56591662037099E-15    28.9734890760552
       22       0.56771210529308E-15    28.9735317064873
       23       0.56841026829657E-15    28.9735585497255
       24       0.56798987253566E-15    28.9735755256646
       25       0.56700517552292E-15    28.9735863059382
       26       0.56576756384881E-15    28.9735931787373
       27       0.56791979259895E-15    28.9735975767375
       28       0.56847645589459E-15    28.9736004009991
       29       0.56781958872521E-15    28.9736022206775
       30       0.56538383735743E-15    28.9736033967635
       31       0.56710719578344E-15    28.9736041591153
       32       0.56504622122505E-15    28.9736046546405
       33       0.56411598988306E-15    28.9736049775623
       34       0.56326923694047E-15    28.9736051885099
       35       0.56446905558116E-15    28.9736053266248
       36       0.56683975960462E-15    28.9736054172454
       37       0.56479177669139E-15    28.9736054768223
       38       0.56560931264857E-15    28.9736055160644
       39       0.56138807409374E-15    28.9736055419568
       40       0.56581001742528E-15    28.9736055590700
       41       0.56117212131285E-15    28.9736055703983
       42       0.56614965601083E-15    28.9736055779076
       43       0.56423828937875E-15    28.9736055828936
       44       0.56505726517936E-15    28.9736055862075
       45       0.56305716787976E-15    28.9736055884132
       46       0.56234067859976E-15    28.9736055898822
       47       0.56230075261661E-15    28.9736055908627
       48       0.56531283979027E-15    28.9736055915174
       49       0.56155668156453E-15    28.9736055919556
       50       0.56357720144720E-15    28.9736055922480
       51       0.56219959231649E-15    28.9736055924450
       52       0.56197370332573E-15    28.9736055925761
       53       0.56321018135751E-15    28.9736055926645
       54       0.56277806718622E-15    28.9736055927241
       55       0.56274404261970E-15    28.9736055927631
       56       0.56000669538056E-15    28.9736055927902
       57       0.56016455286121E-15    28.9736055928082
       58       0.55803481307526E-15    28.9736055928206
       59       0.55861608372213E-15    28.9736055928281
       60       0.56024460023553E-15    28.9736055928337
       61       0.56098496221959E-15    28.9736055928380
       62       0.55862610995149E-15    28.9736055928401
       63       0.55929029486509E-15    28.9736055928421
       64       0.55813791093547E-15    28.9736055928438
       65       0.55661925726397E-15    28.9736055928443
       66       0.55693340739068E-15    28.9736055928441
       67       0.55720520202476E-15    28.9736055928448
       68       0.55665968577436E-15    28.9736055928456
       69       0.56045741302558E-15    28.9736055928444
       70       0.55980700720461E-15    28.9736055928451
       71       0.55839315798273E-15    28.9736055928452
       72       0.55599393345813E-15    28.9736055928460
       73       0.55498686337528E-15    28.9736055928456
       74       0.55923732338982E-15    28.9736055928453
       75       0.55586943878062E-15    28.9736055928459
 Benchmark completed 
 VERIFICATION SUCCESSFUL 
 Zeta is     0.2897360559285E+02
 Error is    0.3004164768230E-13


 CG Benchmark Completed.
 Class           =                        C
 Size            =                   150000
 Iterations      =                       75
 Time in seconds =                   117.82
 Mop/s total     =                  1216.63
 Operation type  =           floating point
 Verification    =               SUCCESSFUL
 Version         =                    3.4.2
 Compile date    =              14 Mar 2026

 Compile options:
    FC           = nvfortran
    FLINK        = $(FC)
    F_LIB        = (none)
    F_INC        = -I../common -I.
    FFLAGS       = -O3 -stdpar=multicore -Mpreprocess -Mfree
    FLINKFLAGS   = $(FFLAGS)
    RAND         = randi8


 Please send all errors/feedbacks to:

 NPB Development Team
 npb@nas.nasa.gov


